609290
1642378
622698
773541
1772160
1503996
1802545
2918935
1370361
2684302
2122507
193638
325916
2062311
2847536
2432822
1831093
2081821
768265
2968976
1795854
1830517
1363206
560423
2434655
804891
2025327
2680033
629700
2295359
1948357
2082189
2691802
2476136
105382
1802255
682066
1458993
1432442
1765871
2771880
449508
2241256
112841
513618
582699
2230052
1296845
2516044
1850783
1171468
1101058
2193440
2751530
2731465
365677
764365
97093
1160523
999200
1172232
720582
2111344
2502092
2816383
2303142
1627083
541193
2287448
286375
1305648
883600
1752028
1095173
2212820
543769
1659063
368767
1975843
2468875
1697387
1536295
631841
1646204
2781988
2545617
2305180
588116
228558
1781923
116030
2505078
1671957
2152136
2077901
344121
2709987
765478
2518145
2548162
1717632
2367864
1896315
883971
1331925
2404999
247556
671346
1002791
2454558
146656
33377
2484193
157822
1579743
337036
53582
2512311
1830366
1011826
1526106
1062190
1364804
633787
1886707
2321410
123104
333255
1521208
2356503
2605290
1071024
513630
978354
1817985
2122453
1136049
1909827
801059
1037059
2321180
1175545
1785455
1682487
51650
1803214
1918379
2294892
660458
484519
1552580
1896353
1448110
2548131
300577
2372215
620097
622706
583658
1650156
1931921
902811
42618
2079786
2696074
1545194
800382
2143285
2304050
1342755
2278704
1790239
1545201
1286445
2975709
42649
1396220
1973399
1625003
1147952
2953839
488067
87157
1360138
2271729
2015177
1026325
188173
2752695
1298525
2043233
2355054
649770
554847
2020864
1497950
1700974
